,AITrust,EffortExp,FacilCond,Habit,HedonicMot,PerfExp,PriceValue,SocialInf
AITrust,1.0,0.6050128550714875,0.5905079215329027,1.0069062262461834,0.8453646010813171,0.7172526259224492,0.8976159085057552,0.7568578553462056
EffortExp,0.6050128550714875,1.0,0.4979270460903056,0.632851918816311,0.5082876466233812,0.5320589649162648,0.6173120809168192,0.45265848322793845
FacilCond,0.5905079215329027,0.4979270460903056,1.0,0.6128398687188855,0.5482886346196387,0.5058982197766201,0.5639865781466258,0.5798609156780558
Habit,1.0069062262461834,0.632851918816311,0.6128398687188855,1.0,0.9089666191157743,0.8436113722684769,0.9795424669743417,0.8276098196095336
HedonicMot,0.8453646010813171,0.5082876466233812,0.5482886346196387,0.9089666191157743,1.0,0.7563337049796928,0.906570136930766,0.7571934257237727
PerfExp,0.7172526259224492,0.5320589649162648,0.5058982197766201,0.8436113722684769,0.7563337049796928,1.0,0.7998777966085063,0.6926771040761335
PriceValue,0.8976159085057552,0.6173120809168192,0.5639865781466258,0.9795424669743417,0.906570136930766,0.7998777966085063,1.0,0.8236651932940747
SocialInf,0.7568578553462056,0.45265848322793845,0.5798609156780558,0.8276098196095336,0.7571934257237727,0.6926771040761335,0.8236651932940747,1.0
