,AITrust,EffortExp,FacilCond,Habit,HedonicMot,PerfExp,PriceValue,SocialInf
AITrust,1.0,0.6366111364529062,0.7118604782617819,1.160476446105773,1.0720810736043176,0.8797214061516481,1.0185342544055171,1.0067465332246441
EffortExp,0.6366111364529062,1.0,0.5854838630775234,0.7196068274113495,0.6200071866906708,0.6118368543217375,0.6699503964242305,0.578398716752325
FacilCond,0.7118604782617819,0.5854838630775234,1.0,0.7399432278967367,0.6475117281209388,0.615600691981785,0.6504122807899375,0.7050257631744997
Habit,1.160476446105773,0.7196068274113495,0.7399432278967367,1.0,1.1129276073697896,0.9827089368244885,1.096733350502337,1.0194367174781669
HedonicMot,1.0720810736043176,0.6200071866906708,0.6475117281209388,1.1129276073697896,1.0,0.8921819774047354,1.0775125068329867,0.9927080257643521
PerfExp,0.8797214061516481,0.6118368543217375,0.615600691981785,0.9827089368244885,0.8921819774047354,1.0,0.8991977699809115,0.863122112255847
PriceValue,1.0185342544055171,0.6699503964242305,0.6504122807899375,1.096733350502337,1.0775125068329867,0.8991977699809115,1.0,0.9759556039291833
SocialInf,1.0067465332246441,0.578398716752325,0.7050257631744997,1.0194367174781669,0.9927080257643521,0.863122112255847,0.9759556039291833,1.0
